SVC:
precision    recall  f1-score   support

         0.0       0.96      0.99      0.97        70
         1.0       0.95      0.89      0.92        64
         2.0       0.99      1.00      0.99        74
         3.0       0.94      0.97      0.95        64
         4.0       0.97      0.97      0.97        59
         5.0       0.93      1.00      0.96        62
         6.0       1.00      0.97      0.99        68
         7.0       1.00      0.97      0.99        72
         8.0       0.97      0.90      0.93        68
         9.0       0.92      0.97      0.94        59

   micro avg       0.96      0.96      0.96       660
   macro avg       0.96      0.96      0.96       660
weighted avg       0.96      0.96      0.96       660


Confusion matrix:
[[69  1  0  0  0  0  0  0  0  0]
 [ 1 57  0  3  0  3  0  0  0  0]
 [ 0  0 74  0  0  0  0  0  0  0]
 [ 1  1  0 62  0  0  0  0  0  0]
 [ 0  1  0  0 57  1  0  0  0  0]
 [ 0  0  0  0  0 62  0  0  0  0]
 [ 0  0  1  0  0  1 66  0  0  0]
 [ 1  0  0  1  0  0  0 70  0  0]
 [ 0  0  0  0  2  0  0  0 61  5]
 [ 0  0  0  0  0  0  0  0  2 57]]
Tasa de acierto 0.962121


RF:
              precision    recall  f1-score   support

         0.0       0.93      0.99      0.96        70
         1.0       0.86      0.75      0.80        64
         2.0       0.97      0.99      0.98        74
         3.0       0.91      0.92      0.91        64
         4.0       0.95      0.92      0.93        59
         5.0       0.88      0.98      0.93        62
         6.0       0.96      0.97      0.96        68
         7.0       1.00      0.93      0.96        72
         8.0       0.88      0.85      0.87        68
         9.0       0.90      0.95      0.93        59

   micro avg       0.93      0.93      0.93       660
   macro avg       0.92      0.92      0.92       660
weighted avg       0.93      0.93      0.92       660


Confusion matrix:
[[69  1  0  0  0  0  0  0  0  0]
 [ 2 48  0  5  2  3  0  0  4  0]
 [ 0  0 73  0  0  0  1  0  0  0]
 [ 0  3  0 59  0  2  0  0  0  0]
 [ 0  1  1  0 54  1  1  0  1  0]
 [ 0  0  0  0  1 61  0  0  0  0]
 [ 0  1  0  0  0  1 66  0  0  0]
 [ 2  2  0  0  0  0  0 67  1  0]
 [ 1  0  1  1  0  0  1  0 58  6]
 [ 0  0  0  0  0  1  0  0  2 56]]
Tasa de acierto 0.925758

KNN:
              precision    recall  f1-score   support

         0.0       0.97      0.99      0.98        70
         1.0       0.95      0.83      0.88        64
         2.0       0.91      1.00      0.95        74
         3.0       0.97      0.95      0.96        64
         4.0       0.98      0.88      0.93        59
         5.0       0.91      1.00      0.95        62
         6.0       0.98      0.91      0.95        68
         7.0       1.00      0.99      0.99        72
         8.0       0.85      0.91      0.88        68
         9.0       0.93      0.97      0.95        59

   micro avg       0.94      0.94      0.94       660
   macro avg       0.95      0.94      0.94       660
weighted avg       0.95      0.94      0.94       660


Confusion matrix:
[[69  1  0  0  0  0  0  0  0  0]
 [ 1 53  0  2  0  3  0  0  5  0]
 [ 0  0 74  0  0  0  0  0  0  0]
 [ 1  1  0 61  0  0  0  0  1  0]
 [ 0  0  2  0 52  2  1  0  2  0]
 [ 0  0  0  0  0 62  0  0  0  0]
 [ 0  0  5  0  0  1 62  0  0  0]
 [ 0  0  0  0  0  0  0 71  1  0]
 [ 0  1  0  0  1  0  0  0 62  4]
 [ 0  0  0  0  0  0  0  0  2 57]]
Tasa de acierto 0.943939



